lad,never_partnered,partnered,widowed,divorced_separated
Adur,1.0,0.0,0.0,0.0
Adur,0.9929577464788731,0.00704225352112676,0.0,0.0
Adur,0.9084967320261439,0.08496732026143793,0.0,0.006535947712418302
Adur,0.6512968299711815,0.3112391930835735,0.0,0.037463976945244955
Adur,0.453083109919571,0.4906166219839142,0.0,0.05630026809651475
Adur,0.35101010101010105,0.5505050505050505,0.0,0.09848484848484848
Adur,0.30068337129840544,0.5603644646924829,0.006833712984054669,0.13211845102505693
Adur,0.27212389380530977,0.5442477876106195,0.008849557522123894,0.17477876106194692
Adur,0.20787746170678337,0.5579868708971554,0.0175054704595186,0.21663019693654265
Adur,0.14698162729658792,0.6272965879265092,0.02887139107611549,0.19685039370078738
Adur,0.12979351032448375,0.6430678466076696,0.04424778761061946,0.1828908554572271
Adur,0.0679886685552408,0.7110481586402266,0.07082152974504251,0.1501416430594901
Adur,0.04878048780487805,0.6933797909407665,0.10801393728222998,0.14982578397212543
Adur,0.04145077720207254,0.6683937823834197,0.18652849740932645,0.10362694300518135
Adur,0.04375,0.5562499999999999,0.35625,0.04375
Amber Valley,1.0,0.0,0.0,0.0
Amber Valley,0.990049751243781,0.006633499170812604,0.0,0.003316749585406302
Amber Valley,0.8887323943661972,0.10140845070422536,0.0,0.009859154929577464
Amber Valley,0.6423751686909581,0.31309041835357626,0.0,0.04453441295546559
Amber Valley,0.4507845934379458,0.46504992867332384,0.0,0.08416547788873038
Amber Valley,0.345767575322812,0.5294117647058824,0.002869440459110473,0.1219512195121951
Amber Valley,0.30465949820788535,0.5388291517323776,0.003584229390681004,0.15292712066905617
Amber Valley,0.22741116751269036,0.5746192893401015,0.006091370558375635,0.1918781725888325
Amber Valley,0.16717948717948714,0.6297435897435897,0.012307692307692306,0.19076923076923075
Amber Valley,0.11630695443645085,0.6546762589928058,0.02997601918465228,0.19904076738609114
Amber Valley,0.0949796472184532,0.6919945725915876,0.04477611940298508,0.16824966078697423
Amber Valley,0.07974683544303797,0.7164556962025316,0.07721518987341772,0.12658227848101267
Amber Valley,0.04964539007092199,0.7180851063829787,0.13475177304964542,0.0975177304964539
Amber Valley,0.043209876543209874,0.6944444444444444,0.17901234567901236,0.08333333333333333
Amber Valley,0.05,0.5166666666666667,0.3916666666666667,0.041666666666666664
Arun,1.0,0.0,0.0,0.0
Arun,0.9878706199460917,0.012129380053908357,0.0,0.0
Arun,0.8705463182897861,0.11995249406175772,0.0,0.009501187648456056
Arun,0.6458333333333333,0.3125,0.0,0.041666666666666664
Arun,0.4508928571428571,0.4665178571428571,0.0022321428571428566,0.08035714285714285
Arun,0.3542654028436019,0.5248815165876777,0.002369668246445498,0.1184834123222749
Arun,0.27685492801771866,0.548172757475083,0.004429678848283498,0.1705426356589147
Arun,0.2238010657193606,0.5710479573712256,0.008880994671403198,0.19626998223801068
Arun,0.18395815170008717,0.5998256320836965,0.013949433304272014,0.2022667829119442
Arun,0.1453488372093023,0.632751937984496,0.023255813953488372,0.19864341085271317
Arun,0.10500000000000001,0.679,0.038000000000000006,0.178
Arun,0.06746370623398805,0.7216054654141759,0.06831767719897523,0.14261315115286083
Arun,0.05315614617940199,0.7331118493909191,0.10409745293466223,0.1096345514950166
Arun,0.044628099173553724,0.7008264462809917,0.17355371900826447,0.08099173553719008
Arun,0.03428571428571429,0.5466666666666666,0.36380952380952386,0.055238095238095246
Ashfield,1.0,0.0,0.0,0.0
Ashfield,0.9892966360856268,0.010703363914373086,0.0,0.0
Ashfield,0.895805142083897,0.09336941813261163,0.0,0.010825439783491202
Ashfield,0.6573170731707317,0.29756097560975614,0.0,0.0451219512195122
Ashfield,0.4528061224489796,0.4553571428571429,0.0,0.09183673469387756
Ashfield,0.3726027397260274,0.5013698630136987,0.00410958904109589,0.12191780821917808
Ashfield,0.30828025477707,0.5184713375796177,0.006369426751592356,0.1668789808917197
Ashfield,0.23655913978494622,0.564516129032258,0.004301075268817204,0.19462365591397848
Ashfield,0.18878101402373246,0.5900755124056094,0.019417475728155338,0.20172599784250267
Ashfield,0.13071895424836602,0.6431372549019608,0.03137254901960784,0.19477124183006536
Ashfield,0.0921875,0.68125,0.0578125,0.16875
Ashfield,0.06491499227202473,0.7156105100463679,0.08655332302936632,0.13292117465224113
Ashfield,0.05273833671399595,0.6957403651115619,0.1480730223123732,0.10344827586206896
Ashfield,0.04,0.6566666666666667,0.22333333333333333,0.08
Ashfield,0.051886792452830184,0.4858490566037736,0.42452830188679247,0.03773584905660377
Ashford,1.0,0.0,0.0,0.0
Ashford,0.9877300613496933,0.012269938650306749,0.0,0.0
Ashford,0.8601036269430051,0.13082901554404144,0.0,0.009067357512953367
Ashford,0.5968712394705175,0.3670276774969916,0.0,0.03610108303249098
Ashford,0.39086294416243655,0.5342639593908629,0.0,0.07487309644670051
Ashford,0.2869785082174463,0.6042983565107459,0.0025284450063211127,0.10619469026548674
Ashford,0.2264851485148515,0.6212871287128713,0.0049504950495049506,0.14727722772277227
Ashford,0.19447287615148412,0.6345957011258955,0.007164790174002046,0.1637666325486182
Ashford,0.1530944625407166,0.6623235613463626,0.01520086862106406,0.1693811074918567
Ashford,0.1121751025991792,0.6976744186046512,0.02051983584131327,0.16963064295485636
Ashford,0.08450704225352114,0.7230046948356808,0.03912363067292645,0.15336463223787167
Ashford,0.06499261447562778,0.7488921713441655,0.06499261447562778,0.12112259970457903
Ashford,0.04166666666666667,0.7519841269841271,0.1011904761904762,0.10515873015873016
Ashford,0.034375,0.7125,0.16874999999999998,0.08437499999999999
Ashford,0.04098360655737705,0.5614754098360656,0.3524590163934426,0.045081967213114756
Babergh,1.0,0.0,0.0,0.0
Babergh,0.9903614457831326,0.00963855421686747,0.0,0.0
Babergh,0.880281690140845,0.10798122065727699,0.0,0.011737089201877932
Babergh,0.6268980477223427,0.3275488069414317,0.0,0.0455531453362256
Babergh,0.4040178571428571,0.5223214285714286,0.0,0.07366071428571429
Babergh,0.31224489795918364,0.5714285714285714,0.0,0.11632653061224488
Babergh,0.2557319223985891,0.5943562610229277,0.005291005291005292,0.14462081128747797
Babergh,0.19207317073170732,0.6356707317073171,0.007621951219512195,0.16463414634146342
Babergh,0.1534090909090909,0.6576704545454545,0.009943181818181818,0.17897727272727273
Babergh,0.10466988727858294,0.6908212560386474,0.020933977455716585,0.18357487922705315
Babergh,0.08333333333333333,0.7322695035460992,0.03546099290780142,0.14893617021276595
Babergh,0.05538461538461539,0.7538461538461539,0.0676923076923077,0.1230769230769231
Babergh,0.0430327868852459,0.7622950819672131,0.09016393442622951,0.10450819672131148
Babergh,0.045871559633027525,0.7217125382262998,0.14678899082568808,0.08562691131498472
Babergh,0.04583333333333334,0.5666666666666667,0.33333333333333337,0.054166666666666675
Barking and Dagenham,0.9983870967741935,0.0016129032258064514,0.0,0.0
Barking and Dagenham,0.9725818735719726,0.027418126428027417,0.0,0.0
Barking and Dagenham,0.8238993710691823,0.1663172606568833,0.0,0.009783368273934312
Barking and Dagenham,0.5349544072948328,0.4328267477203648,0.0,0.03221884498480243
Barking and Dagenham,0.35620354488279016,0.5791881074899943,0.0017152658662092624,0.06289308176100629
Barking and Dagenham,0.2689697717458359,0.6440468846391117,0.0030845157310302285,0.08389882788402221
Barking and Dagenham,0.23734610123119015,0.6450068399452805,0.00478796169630643,0.11285909712722299
Barking and Dagenham,0.22925764192139741,0.6179039301310044,0.008005822416302766,0.1448326055312955
Barking and Dagenham,0.1909502262443439,0.6289592760180996,0.013574660633484163,0.16651583710407242
Barking and Dagenham,0.17365967365967366,0.6060606060606061,0.023310023310023312,0.19696969696969702
Barking and Dagenham,0.15167548500881833,0.6102292768959435,0.0564373897707231,0.18165784832451498
Barking and Dagenham,0.15034168564920272,0.5808656036446469,0.09111617312072892,0.1776765375854214
Barking and Dagenham,0.1037037037037037,0.5962962962962963,0.15555555555555556,0.14444444444444443
Barking and Dagenham,0.09803921568627454,0.5637254901960785,0.23529411764705888,0.10294117647058826
Barking and Dagenham,0.08571428571428572,0.4228571428571429,0.44,0.05142857142857143
Barnet,0.9970896391152503,0.0029103608847497087,0.0,0.0
Barnet,0.962360594795539,0.03671003717472119,0.0,0.000929368029739777
Barnet,0.8282185628742516,0.16429640718562874,0.0,0.0074850299401197605
Barnet,0.5742847294036539,0.39986211651154774,0.0006894174422612892,0.025163736642537057
Barnet,0.3764064098192977,0.5714285714285715,0.0006818956699624958,0.05148312308216844
Barnet,0.27977839335180055,0.6388504155124655,0.001731301939058172,0.0796398891966759
Barnet,0.22778192681105303,0.6628080657206871,0.003360716952949963,0.10604929051530994
Barnet,0.20860128617363344,0.6446945337620579,0.006028938906752411,0.14067524115755628
Barnet,0.18982118294360387,0.6588720770288858,0.011004126547455296,0.14030261348005504
Barnet,0.1627027027027027,0.672972972972973,0.02108108108108108,0.14324324324324325
Barnet,0.13728129205921938,0.6938088829071332,0.034320323014804845,0.13458950201884254
Barnet,0.11590909090909089,0.6962121212121212,0.05909090909090909,0.12878787878787878
Barnet,0.08547008547008547,0.7222222222222222,0.0811965811965812,0.1111111111111111
Barnet,0.08372827804107424,0.6777251184834123,0.15165876777251183,0.08688783570300157
Barnet,0.06902086677367576,0.6003210272873195,0.2648475120385233,0.06581059390048155
Barnsley,1.0,0.0,0.0,0.0
Barnsley,0.988691437802908,0.011308562197092085,0.0,0.0
Barnsley,0.8922880815806246,0.09496494582536648,0.0,0.012746972594008922
Barnsley,0.688034188034188,0.27228327228327226,0.0,0.03968253968253969
Barnsley,0.5022421524663677,0.41319666880204997,0.0012812299807815502,0.08327994875080076
Barnsley,0.38950480413895056,0.4685883222468589,0.00369549150036955,0.13821138211382114
Barnsley,0.3126649076517151,0.5184696569920845,0.004617414248021109,0.16424802110817943
Barnsley,0.23564143853998923,0.5560923242082662,0.00966183574879227,0.1986044015029522
Barnsley,0.16760722347629797,0.6021444695259593,0.01636568848758465,0.21388261851015802
Barnsley,0.1224755700325733,0.6469055374592835,0.033876221498371335,0.196742671009772
Barnsley,0.09235427706283118,0.6820590461771385,0.04996214988644966,0.1756245268735806
Barnsley,0.06357927786499215,0.7087912087912087,0.0934065934065934,0.13422291993720564
Barnsley,0.049889135254988906,0.6895787139689578,0.15742793791574278,0.1031042128603104
Barnsley,0.04814814814814815,0.6296296296296297,0.24814814814814815,0.07407407407407408
Barnsley,0.03626943005181347,0.47668393782383417,0.4352331606217616,0.05181347150259068
Basildon,1.0,0.0,0.0,0.0
Basildon,0.9895397489539749,0.010460251046025102,0.0,0.0
Basildon,0.8903170522707798,0.10197086546700942,0.0,0.007712082262210797
Basildon,0.6137048192771084,0.3516566265060241,0.0,0.03463855421686746
Basildon,0.40937996820349765,0.5214626391096979,0.0,0.06915739268680446
Basildon,0.317717206132879,0.5689948892674617,0.002555366269165247,0.11073253833049403
Basildon,0.2837723024638913,0.5819881053525913,0.004248088360237893,0.12999150382327954
Basildon,0.22187500000000004,0.5875,0.009375000000000001,0.18125000000000002
Basildon,0.17460317460317462,0.6215538847117794,0.015873015873015876,0.1879699248120301
Basildon,0.13236714975845412,0.6454106280193237,0.025120772946859906,0.19710144927536233
Basildon,0.07979407979407979,0.6975546975546976,0.04504504504504505,0.1776061776061776
Basildon,0.06012269938650306,0.7153374233128834,0.08466257668711656,0.1398773006134969
Basildon,0.036101083032490974,0.7256317689530686,0.13718411552346568,0.10108303249097472
Basildon,0.03571428571428572,0.6758241758241759,0.20054945054945056,0.08791208791208792
Basildon,0.02912621359223301,0.5275080906148868,0.39805825242718446,0.045307443365695796
Basingstoke and Deane,1.0,0.0,0.0,0.0
Basingstoke and Deane,0.9903846153846154,0.009615384615384616,0.0,0.0
Basingstoke and Deane,0.8799313893653515,0.11149228130360206,0.0,0.00857632933104631
Basingstoke and Deane,0.5833956619296934,0.3836948391922214,0.0,0.032909498878085267
Basingstoke and Deane,0.3639167309175019,0.5620663068619892,0.0,0.07401696222050887
Basingstoke and Deane,0.28628072957969863,0.605868358445678,0.00317208564631245,0.10467882632831085
Basingstoke and Deane,0.23579766536964983,0.621011673151751,0.005447470817120623,0.13774319066147858
Basingstoke and Deane,0.20085775553967122,0.6261615439599715,0.007147962830593282,0.16583273766976414
Basingstoke and Deane,0.15981380915438326,0.6454615981380916,0.014740108611326611,0.1799844840961986
Basingstoke and Deane,0.11661807580174927,0.6919339164237124,0.024295432458697766,0.16715257531584063
Basingstoke and Deane,0.07840772014475271,0.7285886610373945,0.04221954161640531,0.15078407720144751
Basingstoke and Deane,0.047337278106508875,0.7680473372781065,0.06272189349112425,0.12189349112426036
Basingstoke and Deane,0.03547297297297297,0.7516891891891893,0.1097972972972973,0.10304054054054054
Basingstoke and Deane,0.038461538461538464,0.7025641025641026,0.18461538461538463,0.07435897435897436
Basingstoke and Deane,0.0231023102310231,0.5412541254125413,0.3927392739273928,0.0429042904290429
Bassetlaw,1.0,0.0,0.0,0.0
Bassetlaw,0.9916247906197654,0.008375209380234505,0.0,0.0
Bassetlaw,0.8836206896551724,0.10488505747126436,0.0,0.011494252873563218
Bassetlaw,0.6511627906976745,0.3009575923392613,0.0,0.047879616963064295
Bassetlaw,0.44230769230769235,0.46301775147929,0.0,0.09467455621301776
Bassetlaw,0.36253776435045315,0.4984894259818731,0.004531722054380664,0.13444108761329304
Bassetlaw,0.28257887517146774,0.5377229080932784,0.008230452674897118,0.17146776406035663
Bassetlaw,0.20631341600901917,0.5839909808342728,0.011273957158962795,0.1984216459977452
Bassetlaw,0.1594360086767896,0.623644251626898,0.017353579175704986,0.19956616052060736
Bassetlaw,0.11139564660691421,0.6658130601792573,0.026888604353393082,0.19590268886043533
Bassetlaw,0.0879284649776453,0.6989567809239939,0.05216095380029805,0.16095380029806258
Bassetlaw,0.06267806267806267,0.735042735042735,0.07264957264957263,0.1296296296296296
Bassetlaw,0.052325581395348826,0.6957364341085271,0.14147286821705424,0.11046511627906976
Bassetlaw,0.041666666666666664,0.6794871794871794,0.2019230769230769,0.07692307692307693
Bassetlaw,0.032388663967611336,0.5101214574898785,0.4089068825910931,0.048582995951417005
Bath and North East Somerset,1.0,0.0,0.0,0.0
Bath and North East Somerset,0.9951794322442421,0.0048205677557579,0.0,0.0
Bath and North East Somerset,0.903111111111111,0.09244444444444443,0.0,0.004444444444444444
Bath and North East Somerset,0.6305506216696269,0.3383658969804618,0.0,0.03108348134991119
Bath and North East Somerset,0.42830540037243947,0.5139664804469274,0.0018621973929236497,0.05586592178770949
Bath and North East Somerset,0.3267045454545454,0.5833333333333334,0.0028409090909090906,0.08712121212121211
Bath and North East Somerset,0.263986013986014,0.6153846153846154,0.005244755244755246,0.1153846153846154
Bath and North East Somerset,0.22952149229521493,0.616382806163828,0.0056772100567721,0.1484184914841849
Bath and North East Somerset,0.20527156549520767,0.6277955271565495,0.009584664536741214,0.1573482428115016
Bath and North East Somerset,0.15122873345935728,0.6748582230623819,0.017013232514177693,0.15689981096408318
Bath and North East Somerset,0.10602678571428571,0.7087053571428571,0.03459821428571429,0.15066964285714285
Bath and North East Somerset,0.0784729586426299,0.7401908801696712,0.05408271474019087,0.12725344644750794
Bath and North East Somerset,0.06149341142020497,0.7349926793557833,0.10102489019033675,0.10248901903367497
Bath and North East Somerset,0.053763440860215055,0.6881720430107527,0.17419354838709677,0.08387096774193548
Bath and North East Somerset,0.045346062052505964,0.5584725536992841,0.3436754176610978,0.052505966587112166
Bedford,1.0,0.0,0.0,0.0
Bedford,0.984015984015984,0.015984015984015984,0.0,0.0
Bedford,0.8651000870322019,0.12532637075718014,0.0,0.009573542210617928
Bedford,0.5966127790608161,0.3695150115473441,0.0,0.03387220939183988
Bedford,0.4084177708495713,0.5222135619641465,0.0,0.06936866718628215
Bedford,0.2824726134585289,0.5985915492957746,0.0031298904538341154,0.11580594679186226
Bedford,0.23158756137479544,0.6080196399345336,0.005728314238952537,0.15466448445171851
Bedford,0.2123287671232877,0.5958904109589042,0.009132420091324202,0.18264840182648404
Bedford,0.18166383701188454,0.6137521222410867,0.015280135823429542,0.18930390492359933
Bedford,0.1382441977800202,0.6397578203834511,0.027245206861755803,0.19475277497477297
Bedford,0.10323383084577115,0.681592039800995,0.0472636815920398,0.16791044776119401
Bedford,0.06900878293601004,0.7252195734002509,0.07026348808030113,0.13550815558343787
Bedford,0.05321100917431193,0.7155963302752294,0.11926605504587158,0.11192660550458716
Bedford,0.0407608695652174,0.6847826086956522,0.20108695652173914,0.07336956521739131
Bedford,0.04388714733542319,0.5203761755485894,0.38557993730407525,0.050156739811912224
Bexley,1.0,0.0,0.0,0.0
Bexley,0.9896065330363771,0.010393466963622864,0.0,0.0
Bexley,0.9040902679830748,0.08956276445698166,0.0,0.006346967559943582
Bexley,0.6193181818181819,0.3566919191919192,0.0,0.023989898989898988
Bexley,0.39127764127764125,0.5522113022113022,0.0,0.056511056511056514
Bexley,0.2787583688374924,0.6384662203286671,0.0018259281801582471,0.08094948265368229
Bexley,0.2614886731391586,0.6245954692556633,0.004530744336569579,0.10938511326860842
Bexley,0.2313655336911151,0.6100178890876565,0.006559332140727489,0.15205724508050086
Bexley,0.17819314641744546,0.6560747663551402,0.013084112149532711,0.15264797507788164
Bexley,0.1356443104747551,0.678975131876413,0.027128862094951023,0.15825169555388097
Bexley,0.10638297872340424,0.7001934235976789,0.04061895551257253,0.1528046421663443
Bexley,0.08256880733944953,0.7135575942915392,0.0744138634046891,0.12945973496432212
Bexley,0.06528189910979229,0.7032640949554897,0.1142433234421365,0.11721068249258161
Bexley,0.053784860557768925,0.6633466135458168,0.2091633466135458,0.07370517928286853
Bexley,0.0539906103286385,0.5117370892018779,0.3896713615023474,0.04460093896713615
Birmingham,0.9975855702315012,0.0021303792074989347,0.0,0.00028405056099985794
Birmingham,0.9722650231124808,0.02586396654193264,0.0002201188641866608,0.001650891481399956
Birmingham,0.8268897149938043,0.16084262701363075,0.0002478314745972738,0.012019826517967782
Birmingham,0.5849313373747371,0.3765928491896573,0.0008660150934059137,0.03760979834219968
Birmingham,0.4176753872185344,0.5119094103865678,0.0013015749056358194,0.069113627489262
Birmingham,0.3153417015341701,0.5942817294281729,0.0029288702928870294,0.08744769874476988
Birmingham,0.27697049757815945,0.6125055041831793,0.004990459415822692,0.10553353882283871
Birmingham,0.27522805017103763,0.5792474344355758,0.007411630558722919,0.13811288483466364
Birmingham,0.2697742407016404,0.5536787396459314,0.013318174435601755,0.16322884521682637
Birmingham,0.2168628940372199,0.579377136346373,0.025826053930877328,0.17793391568552983
Birmingham,0.1642361941190533,0.621324408319388,0.04709538608654076,0.16734401147501793
Birmingham,0.13203772506430408,0.6361817662189198,0.0788796799085453,0.15290082880823092
Birmingham,0.11541440743609604,0.6169635941130905,0.1332300542215337,0.13439194422927964
Birmingham,0.09202453987730062,0.5950920245398773,0.2102621305075293,0.10262130507529281
Birmingham,0.07147456535737284,0.49195106245975534,0.3760463618802319,0.06052801030264006
Blaby,1.0,0.0,0.0,0.0
Blaby,0.9897330595482546,0.01026694045174538,0.0,0.0
Blaby,0.8846153846153847,0.10869565217391305,0.0,0.006688963210702342
Blaby,0.6131934032983508,0.3553223388305847,0.0,0.031484257871064465
Blaby,0.39636913767019666,0.5325264750378215,0.0,0.07110438729198185
Blaby,0.29373996789727125,0.6099518459069021,0.0032102728731942215,0.09309791332263243
Blaby,0.24261275272161742,0.6080870917573873,0.006220839813374806,0.1430793157076205
Blaby,0.20770288858321873,0.6203576341127924,0.006877579092159561,0.16506189821182946
Blaby,0.16402877697841725,0.6474820143884892,0.015827338129496403,0.1726618705035971
Blaby,0.10969793322734499,0.7027027027027026,0.023847376788553257,0.16375198728139903
Blaby,0.08206106870229007,0.7270992366412213,0.04770992366412214,0.1431297709923664
Blaby,0.058500914076782456,0.756855575868373,0.06946983546617917,0.11517367458866545
Blaby,0.03258145363408521,0.7644110275689223,0.11528822055137844,0.08771929824561404
Blaby,0.03488372093023256,0.6937984496124031,0.19767441860465115,0.07364341085271317
Blaby,0.019323671497584537,0.5458937198067632,0.396135265700483,0.03864734299516907
Blackburn with Darwen,0.9977553310886644,0.0022446689113355778,0.0,0.0
Blackburn with Darwen,0.9634273772204807,0.03657262277951933,0.0,0.0
Blackburn with Darwen,0.7857857857857858,0.20220220220220222,0.0,0.012012012012012012
Blackburn with Darwen,0.5705882352941176,0.396078431372549,0.0,0.03333333333333333
Blackburn with Darwen,0.3798449612403101,0.5591085271317828,0.0,0.061046511627906974
Blackburn with Darwen,0.29294935451837145,0.6107249255213506,0.0029791459781529296,0.09334657398212513
Blackburn with Darwen,0.2649746192893401,0.6040609137055837,0.005076142131979695,0.12588832487309642
Blackburn with Darwen,0.24324324324324326,0.5916988416988417,0.008687258687258687,0.15637065637065636
Blackburn with Darwen,0.21299254526091585,0.5804046858359957,0.018104366347177846,0.18849840255591052
Blackburn with Darwen,0.15717821782178218,0.6225247524752475,0.03217821782178218,0.18811881188118812
Blackburn with Darwen,0.1066066066066066,0.6681681681681682,0.05555555555555555,0.16966966966966968
Blackburn with Darwen,0.09046052631578948,0.662828947368421,0.10526315789473684,0.14144736842105265
Blackburn with Darwen,0.0703125,0.6380208333333333,0.1640625,0.12760416666666666
Blackburn with Darwen,0.06666666666666667,0.6235294117647059,0.23137254901960785,0.07843137254901962
Blackburn with Darwen,0.05291005291005291,0.48148148148148145,0.40740740740740733,0.058201058201058205
Blackpool,1.0,0.0,0.0,0.0
Blackpool,0.9918588873812754,0.008141112618724558,0.0,0.0
Blackpool,0.9100985221674877,0.08128078817733991,0.0,0.008620689655172414
Blackpool,0.7450765864332604,0.2111597374179431,0.0,0.0437636761487965
Blackpool,0.563701923076923,0.3473557692307692,0.0,0.0889423076923077
Blackpool,0.47859922178988323,0.39040207522697795,0.006485084306095979,0.12451361867704279
Blackpool,0.40279394644935973,0.4179278230500582,0.009313154831199068,0.16996507566938301
Blackpool,0.338331771321462,0.4386129334582943,0.010309278350515462,0.2127460168697282
Blackpool,0.261455525606469,0.4806828391734052,0.022461814914645103,0.23539982030548068
Blackpool,0.21014492753623187,0.5124223602484471,0.035196687370600416,0.24223602484472048
Blackpool,0.17852522639068563,0.535575679172057,0.047865459249676584,0.23803363518758086
Blackpool,0.11024643320363164,0.5797665369649805,0.10765239948119325,0.20233463035019456
Blackpool,0.10313075506445672,0.5948434622467772,0.143646408839779,0.1583793738489871
Blackpool,0.07202216066481995,0.554016620498615,0.2548476454293629,0.11911357340720223
Blackpool,0.059925093632958795,0.44194756554307113,0.4307116104868913,0.06741573033707864
Blaenau Gwent,1.0,0.0,0.0,0.0
Blaenau Gwent,0.9887640449438203,0.011235955056179777,0.0,0.0
Blaenau Gwent,0.909952606635071,0.07819905213270142,0.0,0.011848341232227489
Blaenau Gwent,0.7126436781609196,0.24597701149425286,0.0,0.041379310344827586
Blaenau Gwent,0.5660847880299252,0.34663341645885287,0.0,0.08728179551122195
Blaenau Gwent,0.4441340782122905,0.45251396648044695,0.0,0.10335195530726256
Blaenau Gwent,0.3660287081339713,0.47607655502392343,0.007177033492822967,0.1507177033492823
Blaenau Gwent,0.2725409836065573,0.5389344262295082,0.00819672131147541,0.180327868852459
Blaenau Gwent,0.1953125,0.564453125,0.021484374999999997,0.21874999999999997
Blaenau Gwent,0.13785046728971964,0.6144859813084113,0.030373831775700934,0.21728971962616822
Blaenau Gwent,0.0962566844919786,0.6577540106951871,0.06684491978609625,0.17914438502673796
Blaenau Gwent,0.07774798927613942,0.6675603217158177,0.1099195710455764,0.14477211796246647
Blaenau Gwent,0.07196969696969698,0.6401515151515151,0.18181818181818182,0.10606060606060606
Blaenau Gwent,0.06289308176100629,0.6037735849056604,0.27044025157232704,0.06289308176100629
Blaenau Gwent,0.06603773584905659,0.4150943396226414,0.4622641509433962,0.05660377358490565
Bolsover,1.0,0.0,0.0,0.0
Bolsover,0.9904306220095693,0.009569377990430622,0.0,0.0
Bolsover,0.8762088974854932,0.11025145067698258,0.0,0.013539651837524177
Bolsover,0.6495238095238095,0.3085714285714286,0.0,0.0419047619047619
Bolsover,0.4714285714285715,0.4346938775510204,0.0,0.09387755102040816
Bolsover,0.3703703703703704,0.4953703703703704,0.0,0.13425925925925927
Bolsover,0.2848722986247544,0.5363457760314342,0.007858546168958742,0.17092337917485267
Bolsover,0.22812499999999997,0.5640624999999999,0.007812499999999999,0.19999999999999998
Bolsover,0.1636060100166945,0.6227045075125209,0.015025041736227046,0.19866444073455763
Bolsover,0.11931818181818184,0.6553030303030304,0.02651515151515152,0.1988636363636364
Bolsover,0.0974477958236659,0.6751740139211138,0.046403712296983764,0.18097447795823668
Bolsover,0.06976744186046512,0.6930232558139535,0.09534883720930233,0.14186046511627906
Bolsover,0.056213017751479286,0.6863905325443787,0.14497041420118342,0.11242603550295857
Bolsover,0.03743315508021391,0.6417112299465241,0.24598930481283424,0.07486631016042782
Bolsover,0.046511627906976744,0.434108527131783,0.47286821705426363,0.046511627906976744
Bolton,0.9947019867549669,0.0052980132450331134,0.0,0.0
Bolton,0.9729729729729729,0.027027027027027025,0.0,0.0
Bolton,0.8220388921626399,0.16912197996464348,0.0,0.008839127872716557
Bolton,0.6016172506738544,0.3681940700808626,0.0,0.03018867924528302
Bolton,0.40498442367601245,0.5228452751817237,0.0010384215991692627,0.0711318795430945
Bolton,0.3281081081081081,0.5702702702702702,0.0027027027027027024,0.09891891891891891
Bolton,0.28086910439851615,0.5940646528881823,0.003709591944886063,0.1213566507684155
Bolton,0.235526966848095,0.5799109351806037,0.008411677387431964,0.17615042058386937
Bolton,0.20388859695218078,0.5948502364687337,0.01418812401471361,0.18707304256437204
Bolton,0.13428217821782176,0.6398514851485149,0.029084158415841582,0.19678217821782176
Bolton,0.09919766593727207,0.6601021152443471,0.05105762217359591,0.1896425966447848
Bolton,0.0748148148148148,0.6948148148148148,0.08444444444444445,0.14592592592592593
Bolton,0.06369426751592357,0.6698513800424628,0.14331210191082802,0.12314225053078555
Bolton,0.04882154882154882,0.6447811447811448,0.23063973063973062,0.07575757575757575
Bolton,0.05450236966824646,0.4763033175355451,0.4123222748815166,0.056872037914691954
Boston,1.0,0.0,0.0,0.0
Boston,0.9757412398921832,0.024258760107816708,0.0,0.0
Boston,0.8496420047732697,0.1288782816229117,0.0,0.021479713603818614
Boston,0.6202531645569621,0.3227848101265823,0.0,0.056962025316455694
Boston,0.45905172413793105,0.43965517241379315,0.0,0.10129310344827587
Boston,0.3653846153846154,0.483173076923077,0.004807692307692308,0.14663461538461542
Boston,0.27232142857142855,0.53125,0.008928571428571428,0.18749999999999997
Boston,0.2178649237472767,0.5686274509803922,0.013071895424836602,0.20043572984749455
Boston,0.17708333333333331,0.5979166666666667,0.014583333333333334,0.21041666666666667
Boston,0.12354312354312354,0.6293706293706294,0.03496503496503496,0.21212121212121213
Boston,0.0804289544235925,0.6916890080428956,0.05093833780160858,0.17694369973190352
Boston,0.07317073170731708,0.7018970189701896,0.07859078590785908,0.14634146341463417
Boston,0.05415162454873647,0.700361010830325,0.1371841155234657,0.10830324909747294
Boston,0.047058823529411764,0.6647058823529413,0.2058823529411765,0.08235294117647059
Boston,0.0522875816993464,0.5032679738562091,0.39215686274509803,0.0522875816993464
Bracknell Forest,1.0,0.0,0.0,0.0
Bracknell Forest,0.9864661654135338,0.013533834586466165,0.0,0.0
Bracknell Forest,0.8833746898263027,0.11042183622828784,0.0,0.006203473945409429
Bracknell Forest,0.5880398671096344,0.37541528239202654,0.0,0.03654485049833886
Bracknell Forest,0.3567508232711306,0.5675082327113062,0.0,0.07574094401756312
Bracknell Forest,0.2819932049830124,0.6217440543601358,0.002265005662514156,0.09399773499433747
Bracknell Forest,0.21191294387170675,0.6449026345933562,0.0057273768613974796,0.13745704467353953
Bracknell Forest,0.21235955056179778,0.6224719101123596,0.006741573033707865,0.15842696629213485
Bracknell Forest,0.17070217917675543,0.6476997578692494,0.014527845036319612,0.16707021791767554
Bracknell Forest,0.13722627737226276,0.6715328467153284,0.021897810218978103,0.16934306569343066
Bracknell Forest,0.09124087591240876,0.7007299270072993,0.040145985401459854,0.1678832116788321
Bracknell Forest,0.06485355648535565,0.7322175732217573,0.0690376569037657,0.13389121338912136
Bracknell Forest,0.04113924050632912,0.7405063291139241,0.11075949367088608,0.10759493670886076
Bracknell Forest,0.03286384976525821,0.6901408450704226,0.20187793427230047,0.07511737089201878
Bracknell Forest,0.01639344262295082,0.5683060109289618,0.366120218579235,0.049180327868852465
Bradford,0.997401753816174,0.0025982461838259174,0.0,0.0
Bradford,0.9539072039072038,0.04426129426129426,0.0,0.0018315018315018313
Bradford,0.7709080047789725,0.21445639187574672,0.0,0.014635603345280765
Bradford,0.536544385326239,0.4231307756930831,0.0008401008120974516,0.03948473816858022
Bradford,0.3656267104542966,0.5525451559934318,0.0024630541871921183,0.07936507936507937
Bradford,0.27655310621242485,0.6209561981105066,0.003149155453764672,0.09934154022330374
Bradford,0.24814485010388843,0.6135351736420303,0.005639655684179282,0.13268032056990206
Bradford,0.22598540145985402,0.6096350364963503,0.009051094890510949,0.15532846715328466
Bradford,0.20295783511642546,0.5984896161107615,0.013845185651353053,0.18470736312146005
Bradford,0.15130190007037297,0.629838142153413,0.02920478536242083,0.1896551724137931
Bradford,0.10458333333333332,0.6733333333333332,0.049166666666666664,0.17291666666666666
Bradford,0.08971962616822429,0.6771028037383178,0.07897196261682242,0.1542056074766355
Bradford,0.06590038314176246,0.6804597701149425,0.1363984674329502,0.11724137931034484
Bradford,0.05093555093555094,0.6444906444906445,0.2130977130977131,0.09147609147609148
Bradford,0.046094750320102434,0.5083226632522407,0.3905249679897567,0.05505761843790013
Braintree,1.0,0.0,0.0,0.0
Braintree,0.9910141206675225,0.008985879332477536,0.0,0.0
Braintree,0.8843159065628476,0.10789766407119021,0.0,0.007786429365962181
Braintree,0.6141814389989573,0.3461939520333681,0.0,0.03962460896767466
Braintree,0.4160427807486631,0.5037433155080213,0.0,0.08021390374331551
Braintree,0.30827886710239655,0.5762527233115469,0.0021786492374727667,0.11328976034858387
Braintree,0.2625482625482625,0.583976833976834,0.004826254826254825,0.14864864864864863
Braintree,0.19914529914529913,0.6188034188034188,0.008547008547008546,0.1735042735042735
Braintree,0.1532033426183844,0.6415970287836582,0.014856081708449395,0.19034354688950786
Braintree,0.11925601750547048,0.6859956236323851,0.022975929978118165,0.17177242888402627
Braintree,0.09424724602203183,0.7086903304773563,0.04161566707466341,0.1554467564259486
Braintree,0.0636042402826855,0.7302709069493521,0.07420494699646642,0.13191990577149587
Braintree,0.04628099173553719,0.7388429752066116,0.11570247933884298,0.09917355371900827
Braintree,0.04774535809018567,0.7002652519893899,0.1803713527851459,0.07161803713527852
Braintree,0.04000000000000001,0.5454545454545455,0.3672727272727273,0.04727272727272728
Breckland,1.0,0.0,0.0,0.0
Breckland,0.9816901408450703,0.018309859154929574,0.0,0.0
Breckland,0.8557575757575757,0.1296969696969697,0.0,0.014545454545454545
Breckland,0.6168981481481481,0.3263888888888889,0.0,0.056712962962962965
Breckland,0.44903225806451613,0.46580645161290324,0.0,0.08516129032258064
Breckland,0.33762886597938147,0.5193298969072165,0.005154639175257732,0.1378865979381443
Breckland,0.28963051251489874,0.5470798569725864,0.0023837902264600714,0.1609058402860548
Breckland,0.20140986908358505,0.5951661631419939,0.006042296072507552,0.19738167170191337
Breckland,0.15733590733590733,0.6361003861003861,0.01447876447876448,0.1920849420849421
Breckland,0.1163556531284303,0.6706915477497256,0.019758507135016465,0.19319429198682767
Breckland,0.0868544600938967,0.7065727699530516,0.037558685446009384,0.16901408450704225
Breckland,0.0551948051948052,0.7478354978354979,0.06277056277056277,0.1341991341991342
Breckland,0.034916201117318434,0.7472067039106145,0.10754189944134078,0.11033519553072625
Breckland,0.04203539823008849,0.7013274336283186,0.17699115044247787,0.07964601769911504
Breckland,0.04120879120879121,0.5439560439560439,0.3598901098901099,0.05494505494505493
Brent,0.998235294117647,0.001764705882352941,0.0,0.0
Brent,0.9585895858958589,0.039770397703977035,0.0,0.0016400164001640013
Brent,0.8039487357118116,0.18981641842743333,0.0,0.00623484586075511
Brent,0.5712827492344335,0.4004763525008506,0.0,0.02824089826471589
Brent,0.38807607900512076,0.5548646671543527,0.0007315288953913681,0.05632772494513534
Brent,0.3120481927710843,0.597590361445783,0.0028112449799196785,0.08755020080321285
Brent,0.2638223770134959,0.6247279059643013,0.00304745319982586,0.10840226382237701
Brent,0.2470534904805077,0.6214868540344515,0.006346328195829557,0.12511332728921123
Brent,0.24021164021164024,0.6137566137566138,0.009523809523809525,0.13650793650793652
Brent,0.18123393316195377,0.6600257069408741,0.019922879177377895,0.13881748071979436
Brent,0.15339966832504148,0.664179104477612,0.04145936981757878,0.14096185737976785
Brent,0.143018018018018,0.668918918918919,0.06756756756756757,0.1204954954954955
Brent,0.12924071082390953,0.6510500807754442,0.1050080775444265,0.1147011308562197
Brent,0.09787234042553192,0.6553191489361703,0.15106382978723407,0.09574468085106384
Brent,0.08933002481389578,0.5409429280397022,0.2853598014888338,0.08436724565756823
Brentwood,1.0,0.0,0.0,0.0
Brentwood,0.9944903581267218,0.005509641873278238,0.0,0.0
Brentwood,0.9222462203023758,0.07775377969762419,0.0,0.0
Brentwood,0.6640471512770137,0.30844793713163066,0.0,0.0275049115913556
Brentwood,0.39658848614072495,0.5458422174840085,0.0,0.05756929637526653
Brentwood,0.27536231884057977,0.6376811594202899,0.0,0.08695652173913043
Brentwood,0.22357723577235775,0.66869918699187,0.0,0.10772357723577236
Brentwood,0.21915285451197053,0.6224677716390424,0.005524861878453039,0.1528545119705341
Brentwood,0.15328467153284672,0.6678832116788321,0.010948905109489052,0.16788321167883213
Brentwood,0.12837837837837837,0.6824324324324325,0.020270270270270268,0.16891891891891891
Brentwood,0.09703504043126686,0.7169811320754718,0.03773584905660377,0.14824797843665768
Brentwood,0.0636604774535809,0.7427055702917772,0.07427055702917772,0.1193633952254642
Brentwood,0.041666666666666664,0.7462121212121211,0.1212121212121212,0.0909090909090909
Brentwood,0.03783783783783783,0.7189189189189188,0.16216216216216214,0.08108108108108107
Brentwood,0.042105263157894736,0.5578947368421053,0.3526315789473684,0.04736842105263158
Bridgend,1.0,0.0,0.0,0.0
Bridgend,0.9936788874841973,0.006321112515802782,0.0,0.0
Bridgend,0.901360544217687,0.0873015873015873,0.0,0.011337868480725623
Bridgend,0.6813074565883555,0.28294177732379977,0.0,0.035750766087844735
Bridgend,0.4880817253121453,0.43132803632236094,0.0022701475595913734,0.07832009080590238
Bridgend,0.38979118329466356,0.4849187935034802,0.00580046403712297,0.11948955916473317
Bridgend,0.28444444444444444,0.5555555555555556,0.006666666666666666,0.15333333333333335
Bridgend,0.20987654320987656,0.5859449192782527,0.010446343779677115,0.19373219373219375
Bridgend,0.15744274809160305,0.616412213740458,0.021946564885496185,0.20419847328244276
Bridgend,0.11581291759465479,0.6625835189309577,0.028953229398663696,0.19265033407572382
Bridgend,0.08236808236808237,0.6962676962676962,0.055341055341055344,0.16602316602316602
Bridgend,0.0639386189258312,0.7135549872122763,0.09335038363171357,0.12915601023017906
Bridgend,0.04521739130434783,0.7078260869565217,0.15304347826086956,0.09391304347826088
Bridgend,0.040983606557377046,0.6666666666666666,0.22404371584699456,0.06830601092896174
Bridgend,0.0437956204379562,0.510948905109489,0.4087591240875912,0.0364963503649635
Brighton and Hove,1.0,0.0,0.0,0.0
Brighton and Hove,0.9926385122045719,0.007361487795428129,0.0,0.0
Brighton and Hove,0.9363241678726484,0.057404727448142796,0.0,0.006271104679208876
Brighton and Hove,0.7679012345679013,0.20592592592592593,0.0,0.02617283950617284
Brighton and Hove,0.56266250650026,0.37597503900156004,0.0010400416016640667,0.06032241289651586
Brighton and Hove,0.45454545454545453,0.4364699627857523,0.001594896331738437,0.10738968633705476
Brighton and Hove,0.3977495107632094,0.4765166340508806,0.005870841487279843,0.11986301369863014
Brighton and Hove,0.352744630071599,0.49737470167064435,0.010023866348448686,0.13985680190930785
Brighton and Hove,0.32053333333333334,0.4954666666666666,0.012799999999999999,0.1712
Brighton and Hove,0.26011560693641617,0.5361271676300577,0.019508670520231215,0.18424855491329478
Brighton and Hove,0.20724907063197026,0.5604089219330854,0.03810408921933085,0.19423791821561337
Brighton and Hove,0.15184815184815184,0.5954045954045954,0.060939060939060936,0.1918081918081918
Brighton and Hove,0.1289308176100629,0.6069182389937107,0.10062893081761005,0.16352201257861634
Brighton and Hove,0.09839816933638444,0.5789473684210527,0.16704805491990848,0.15560640732265446
Brighton and Hove,0.10327455919395465,0.4659949622166247,0.3375314861460957,0.09319899244332491
Bristol,0.9992025518341309,0.0007974481658692186,0.0,0.0
Bristol,0.9916915210907542,0.007456327226246272,0.000426075841499787,0.000426075841499787
Bristol,0.9273177317731772,0.06683168316831682,0.00045004500450044997,0.0054005400540054005
Bristol,0.730636635256263,0.24339232360376928,0.0006894966674327741,0.025281544472535052
Bristol,0.520220588235294,0.4214810924369747,0.0010504201680672266,0.057247899159663856
Bristol,0.414866581956798,0.49714104193138503,0.0022236340533672173,0.08576874205844981
Bristol,0.35014727540500734,0.5279823269513991,0.004050073637702504,0.11782032400589101
Bristol,0.32313432835820893,0.5231343283582089,0.006716417910447761,0.14701492537313432
Bristol,0.27782225780624503,0.5320256204963972,0.014811849479583668,0.17534027221777423
Bristol,0.216322517207473,0.5658800393313668,0.026057030481809247,0.19174041297935104
Bristol,0.16917519566526187,0.6044551475015051,0.0403371462974112,0.18603251053582176
Bristol,0.1353965183752418,0.6228239845261122,0.07865892972275952,0.16312056737588654
Bristol,0.10531309297912712,0.6309297912713472,0.1176470588235294,0.1461100569259962
Bristol,0.08707865168539326,0.5969101123595506,0.2050561797752809,0.11095505617977529
Bristol,0.07894736842105261,0.4950657894736841,0.35855263157894735,0.06743421052631578
Broadland,1.0,0.0,0.0,0.0
Broadland,0.9930069930069929,0.006993006993006992,0.0,0.0
Broadland,0.8759811616954475,0.11302982731554162,0.0,0.01098901098901099
Broadland,0.6022889842632332,0.3605150214592275,0.0,0.037195994277539335
Broadland,0.4126760563380282,0.4985915492957746,0.0,0.08873239436619719
Broadland,0.3137789904502047,0.5811732605729877,0.002728512960436562,0.10231923601637108
Broadland,0.2633451957295374,0.582443653618031,0.004744958481613287,0.14946619217081852
Broadland,0.198559670781893,0.6162551440329218,0.00823045267489712,0.17695473251028807
Broadland,0.16853932584269662,0.6435137895812053,0.011235955056179773,0.17671092951991826
Broadland,0.10458284371327849,0.6886016451233842,0.01880141010575793,0.18801410105757932
Broadland,0.07612903225806451,0.7522580645161291,0.03354838709677419,0.13806451612903226
Broadland,0.05203619909502263,0.7624434389140271,0.06108597285067873,0.1244343891402715
