lad,never_partnered,partnered,widowed,divorced_separated
Adur,1.0,0.0,0.0,0.0
Adur,0.9759036144578312,0.024096385542168672,0.0,0.0
Adur,0.8421052631578947,0.1393188854489164,0.0,0.01857585139318885
Adur,0.5607235142118864,0.39018087855297157,0.0,0.04909560723514212
Adur,0.35436893203883496,0.5461165048543689,0.0,0.09951456310679611
Adur,0.31002331002331,0.5501165501165501,0.006993006993006993,0.1328671328671329
Adur,0.2717391304347826,0.5152173913043477,0.013043478260869565,0.2
Adur,0.21920668058455114,0.5427974947807933,0.020876826722338204,0.2171189979123173
Adur,0.16666666666666666,0.5444444444444444,0.035555555555555556,0.25333333333333335
Adur,0.10705596107055962,0.5815085158150852,0.07055961070559612,0.24087591240875916
Adur,0.07105263157894737,0.5710526315789474,0.12631578947368421,0.23157894736842105
Adur,0.05309734513274337,0.5486725663716815,0.18141592920353983,0.2168141592920354
Adur,0.04166666666666667,0.47321428571428575,0.30952380952380953,0.17559523809523808
Adur,0.04166666666666667,0.3712121212121212,0.46212121212121215,0.125
Adur,0.05035971223021582,0.1834532374100719,0.6942446043165467,0.07194244604316546
Amber Valley,1.0,0.0,0.0,0.0
Amber Valley,0.9834983498349834,0.0165016501650165,0.0,0.0
Amber Valley,0.8149659863945578,0.16598639455782313,0.0,0.01904761904761905
Amber Valley,0.5498687664041995,0.3805774278215223,0.0,0.06955380577427822
Amber Valley,0.3597315436241611,0.5167785234899329,0.002684563758389262,0.12080536912751678
Amber Valley,0.276797829036635,0.5508819538670285,0.0067842605156037995,0.1655359565807327
Amber Valley,0.22287735849056603,0.5648584905660378,0.010613207547169812,0.20165094339622644
Amber Valley,0.164,0.584,0.027,0.22499999999999998
Amber Valley,0.10452261306532665,0.6311557788944724,0.032160804020100506,0.23216080402010053
Amber Valley,0.0750293083235639,0.6365767878077374,0.06447831184056271,0.22391559202813602
Amber Valley,0.047306176084099864,0.6399474375821288,0.12089356110381078,0.19185282522996058
Amber Valley,0.04033214709371293,0.6132858837485171,0.19572953736654802,0.1506524317912218
Amber Valley,0.026101141924959215,0.5367047308319739,0.3197389885807504,0.11745513866231647
Amber Valley,0.022113022113022116,0.3832923832923833,0.5135135135135135,0.08108108108108109
Amber Valley,0.02912621359223301,0.16747572815533981,0.7572815533980582,0.04611650485436893
Arun,1.0,0.0,0.0,0.0
Arun,0.9728997289972899,0.024390243902439025,0.0,0.0027100271002710027
Arun,0.7966706302021402,0.18549346016646848,0.0,0.017835909631391197
Arun,0.5374868004223866,0.3917634635691658,0.0,0.07074973600844774
Arun,0.35011185682326623,0.5178970917225951,0.0044742729306487695,0.12751677852348994
Arun,0.2691441441441441,0.5495495495495496,0.00900900900900901,0.1722972972972973
Arun,0.22008113590263695,0.5578093306288032,0.011156186612576065,0.2109533468559838
Arun,0.17900172117039587,0.5524956970740104,0.02323580034423408,0.24526678141135974
Arun,0.13285024154589373,0.5652173913043478,0.036231884057971016,0.26570048309178745
Arun,0.09923011120615911,0.5979469632164243,0.06672369546621043,0.23609923011120615
Arun,0.07218309859154928,0.6056338028169014,0.10651408450704224,0.21566901408450703
Arun,0.05196733481811433,0.6072754268745361,0.1737193763919822,0.16703786191536749
Arun,0.04046242774566474,0.5308285163776494,0.28227360308285165,0.1464354527938343
Arun,0.03942181340341655,0.4060446780551905,0.44152431011826543,0.11300919842312745
Arun,0.06299212598425197,0.17885264341957258,0.6929133858267718,0.06524184476940383
Ashfield,1.0,0.0,0.0,0.0
Ashfield,0.9763406940063091,0.02365930599369085,0.0,0.0
Ashfield,0.8303249097472926,0.14681107099879664,0.0,0.022864019253910954
Ashfield,0.5657458563535911,0.36464088397790057,0.0,0.06961325966850829
Ashfield,0.3933415536374846,0.468557336621455,0.003699136868064118,0.1344019728729963
Ashfield,0.3129074315514993,0.5058670143415906,0.005215123859191656,0.17601043024771837
Ashfield,0.23907766990291263,0.520631067961165,0.013349514563106795,0.22694174757281554
Ashfield,0.17341640706126688,0.5555555555555556,0.024922118380062305,0.24610591900311526
Ashfield,0.12121212121212122,0.5984848484848485,0.04437229437229437,0.23593073593073594
Ashfield,0.08463541666666666,0.6145833333333334,0.07421875,0.2265625
Ashfield,0.05131964809384164,0.624633431085044,0.13196480938416422,0.19208211143695011
Ashfield,0.030259365994236308,0.6109510086455331,0.21181556195965417,0.14697406340057637
Ashfield,0.022887323943661973,0.5158450704225352,0.3362676056338028,0.125
Ashfield,0.020887728459530026,0.37336814621409925,0.524804177545692,0.08093994778067884
Ashfield,0.02542372881355932,0.15536723163841806,0.7824858757062146,0.036723163841807904
Ashford,0.9964157706093191,0.0035842293906810036,0.0,0.0
Ashford,0.9717868338557993,0.028213166144200625,0.0,0.0
Ashford,0.7787286063569683,0.1992665036674817,0.0,0.022004889975550123
Ashford,0.5042643923240938,0.43070362473347545,0.0,0.06503198294243069
Ashford,0.3242320819112628,0.558589306029579,0.004550625711035267,0.11262798634812286
Ashford,0.24584323040380046,0.5973871733966746,0.007125890736342043,0.1496437054631829
Ashford,0.18355855855855857,0.6024774774774775,0.015765765765765764,0.1981981981981982
Ashford,0.15597235932872655,0.6090819348469891,0.019743336623889437,0.21520236920039487
Ashford,0.11300639658848613,0.6343283582089553,0.041577825159914705,0.21108742004264391
Ashford,0.0712401055408971,0.6464379947229552,0.06332453825857519,0.21899736147757257
Ashford,0.05065123010130246,0.6468885672937772,0.11143270622286541,0.191027496382055
Ashford,0.03501945525291829,0.6134889753566797,0.1932555123216602,0.1582360570687419
Ashford,0.029565217391304348,0.537391304347826,0.3008695652173913,0.13217391304347825
Ashford,0.04461942257217848,0.3805774278215223,0.48293963254593175,0.09186351706036745
Ashford,0.05089058524173029,0.18829516539440205,0.7022900763358779,0.058524173027989825
Babergh,1.0,0.0,0.0,0.0
Babergh,0.9818652849740933,0.018134715025906734,0.0,0.0
Babergh,0.8041958041958042,0.17016317016317015,0.0,0.02564102564102564
Babergh,0.5121457489878543,0.42105263157894735,0.0,0.06680161943319837
Babergh,0.31901840490797545,0.5521472392638037,0.0,0.12883435582822086
Babergh,0.2580037664783427,0.5781544256120527,0.0037664783427495286,0.16007532956685494
Babergh,0.19594594594594594,0.5979729729729729,0.008445945945945946,0.19763513513513514
Babergh,0.14246575342465753,0.6219178082191781,0.019178082191780823,0.21643835616438356
Babergh,0.10340136054421768,0.6435374149659864,0.031292517006802724,0.22176870748299318
Babergh,0.06944444444444445,0.6682098765432098,0.06172839506172839,0.2006172839506173
Babergh,0.04784688995215312,0.6778309409888358,0.0988835725677831,0.1754385964912281
Babergh,0.03491620111731843,0.6508379888268155,0.1620111731843575,0.15223463687150834
Babergh,0.027829313543599257,0.5658627087198516,0.28571428571428575,0.12059369202226346
Babergh,0.03038674033149171,0.42265193370165743,0.46685082872928174,0.08011049723756906
Babergh,0.040506329113924044,0.18227848101265823,0.718987341772152,0.058227848101265814
Barking and Dagenham,0.9973238180196253,0.0026761819803746657,0.0,0.0
Barking and Dagenham,0.9069767441860465,0.08852213053263315,0.0,0.00450112528132033
Barking and Dagenham,0.673697270471464,0.2977667493796526,0.0,0.028535980148883373
Barking and Dagenham,0.42973523421588594,0.5025458248472505,0.0015274949083503057,0.06619144602851323
Barking and Dagenham,0.3223850429509853,0.5603840323395654,0.003537139969681657,0.11369378473976754
Barking and Dagenham,0.2863509749303621,0.5487465181058495,0.009470752089136489,0.1554317548746518
Barking and Dagenham,0.25344714379514116,0.5246224556795798,0.021667760998030205,0.20026263952724888
Barking and Dagenham,0.23816355810616932,0.48565279770444764,0.0351506456241033,0.24103299856527977
Barking and Dagenham,0.20775862068965517,0.4681034482758621,0.06293103448275862,0.2612068965517242
Barking and Dagenham,0.1408614668218859,0.4854481955762514,0.1210710128055879,0.25261932479627475
Barking and Dagenham,0.10628019323671498,0.46215780998389694,0.17230273752012884,0.2592592592592593
Barking and Dagenham,0.08123791102514506,0.39071566731141194,0.2843326885880077,0.2437137330754352
Barking and Dagenham,0.07692307692307693,0.35013262599469497,0.4005305039787798,0.1724137931034483
Barking and Dagenham,0.06070287539936102,0.23322683706070285,0.5814696485623003,0.12460063897763578
Barking and Dagenham,0.049844236760124616,0.1339563862928349,0.7538940809968848,0.06230529595015577
Barnet,0.9962686567164178,0.0037313432835820895,0.0,0.0
Barnet,0.9083870967741936,0.08602150537634409,0.0,0.005591397849462366
Barnet,0.7509369676320272,0.23202725724020443,0.0,0.017035775127768313
Barnet,0.48659859604339506,0.4655392469687301,0.0012763241863433313,0.04658583280153159
Barnet,0.32589147286821707,0.5789147286821705,0.00310077519379845,0.09209302325581396
Barnet,0.25814696485623,0.6079872204472844,0.005431309904153354,0.1284345047923323
Barnet,0.23437500000000003,0.5944602272727273,0.014204545454545456,0.1569602272727273
Barnet,0.20636122680802724,0.5649375236652783,0.02915562287012495,0.19954562665656947
Barnet,0.18595904722106144,0.5720852486418722,0.03760969494358546,0.204346009193481
Barnet,0.15209701869631126,0.561899949469429,0.07680646791308741,0.2091965639211723
Barnet,0.11159600997506235,0.566708229426434,0.13154613466334164,0.1901496259351621
Barnet,0.09858247422680412,0.5335051546391752,0.19780927835051546,0.17010309278350513
Barnet,0.07605877268798616,0.470181503889369,0.30769230769230765,0.14606741573033707
Barnet,0.07194244604316546,0.3453237410071942,0.473621103117506,0.1091127098321343
Barnet,0.07262569832402234,0.16014897579143392,0.702048417132216,0.06517690875232775
Barnsley,0.9978723404255319,0.002127659574468085,0.0,0.0
Barnsley,0.9744,0.022400000000000003,0.0,0.0032
Barnsley,0.8258766626360339,0.14993954050785974,0.0,0.02418379685610641
Barnsley,0.5904872389791183,0.3358468677494199,0.0017401392111368907,0.07192575406032482
Barnsley,0.41027266962587194,0.4495878249841471,0.003804692454026633,0.13633481293595434
Barnsley,0.32104890148830617,0.5017717930545712,0.005669737774627923,0.1715095676824947
Barnsley,0.2438867438867438,0.5257400257400257,0.012226512226512224,0.2181467181467181
Barnsley,0.17650186071238702,0.5518341307814992,0.02073365231259968,0.25093035619351406
Barnsley,0.11813186813186813,0.5934065934065934,0.04065934065934066,0.24780219780219778
Barnsley,0.08454258675078864,0.616403785488959,0.07318611987381703,0.22586750788643534
Barnsley,0.04856512141280352,0.6350257542310522,0.1236203090507726,0.19278881530537156
Barnsley,0.032137518684603884,0.6046337817638266,0.20553064275037367,0.1576980568011958
Barnsley,0.02982107355864811,0.5039761431411531,0.3499005964214712,0.11630218687872763
Barnsley,0.028328611898016994,0.3456090651558073,0.5368271954674221,0.08923512747875353
Barnsley,0.03784570596797671,0.15283842794759828,0.759825327510917,0.049490538573508006
Basildon,1.0,0.0,0.0,0.0
Basildon,0.9721649484536082,0.02577319587628866,0.0,0.002061855670103093
Basildon,0.8093385214007782,0.17431906614785994,0.0,0.016342412451361865
Basildon,0.5292915531335151,0.41348773841961856,0.001362397820163488,0.055858310626703
Basildon,0.35521517140773157,0.5346462436177972,0.0036469730123997084,0.10649161196207149
Basildon,0.28617623282134197,0.551333872271625,0.004850444624090542,0.15763945028294263
Basildon,0.24086378737541528,0.5506644518272426,0.013289036544850497,0.1951827242524917
Basildon,0.18990203466465708,0.5538809344385832,0.019593067068575734,0.23662396382818385
Basildon,0.12857142857142856,0.5738095238095237,0.03968253968253967,0.2579365079365079
Basildon,0.07962085308056871,0.6085308056872039,0.06635071090047392,0.24549763033175356
Basildon,0.05908584169453734,0.5897435897435896,0.1282051282051282,0.22296544035674468
Basildon,0.032943676939426146,0.5759829968119022,0.21041445270988313,0.18065887353878854
Basildon,0.026627218934911243,0.5000000000000001,0.3150887573964497,0.15828402366863908
Basildon,0.023762376237623763,0.3564356435643565,0.500990099009901,0.1188118811881188
Basildon,0.025878003696857676,0.16266173752310537,0.7541589648798521,0.05730129390018485
Basingstoke and Deane,1.0,0.0,0.0,0.0
Basingstoke and Deane,0.9702643171806167,0.02973568281938326,0.0,0.0
Basingstoke and Deane,0.7822514379622021,0.20131470829909612,0.0,0.016433853738701727
Basingstoke and Deane,0.47334754797441364,0.464818763326226,0.0014214641080312722,0.06041222459132907
Basingstoke and Deane,0.2970960536113179,0.5956813104988831,0.0029784065524944155,0.10424422933730454
Basingstoke and Deane,0.23215686274509803,0.6141176470588235,0.007058823529411764,0.14666666666666667
Basingstoke and Deane,0.19,0.6238461538461539,0.01,0.1761538461538462
Basingstoke and Deane,0.1455223880597015,0.6246268656716417,0.018656716417910446,0.21119402985074626
Basingstoke and Deane,0.10974673829623945,0.634689178818112,0.03300076745970837,0.22256331542594016
Basingstoke and Deane,0.06978967495219884,0.655831739961759,0.062141491395793495,0.21223709369024857
Basingstoke and Deane,0.04696449026345934,0.6529209621993127,0.11454753722794961,0.18556701030927839
Basingstoke and Deane,0.025477707006369428,0.6337579617834396,0.18895966029723993,0.1518046709129512
Basingstoke and Deane,0.021897810218978103,0.5313868613138686,0.31386861313868614,0.13284671532846715
Basingstoke and Deane,0.023305084745762712,0.3983050847457627,0.4851694915254237,0.09322033898305085
Basingstoke and Deane,0.029850746268656716,0.17270788912579957,0.7484008528784648,0.04904051172707889
Bassetlaw,1.0,0.0,0.0,0.0
Bassetlaw,0.9725274725274725,0.027472527472527476,0.0,0.0
Bassetlaw,0.7893217893217893,0.1847041847041847,0.0,0.025974025974025972
Bassetlaw,0.5168539325842697,0.39747191011235955,0.0028089887640449433,0.08286516853932584
Bassetlaw,0.3591240875912409,0.505109489051095,0.005839416058394162,0.1299270072992701
Bassetlaw,0.27736131934032987,0.5472263868065967,0.0074962518740629685,0.1679160419790105
Bassetlaw,0.21391076115485563,0.5538057742782152,0.01443569553805774,0.21784776902887137
Bassetlaw,0.15273132664437014,0.5997770345596433,0.021181716833890748,0.22630992196209587
Bassetlaw,0.10400866738894908,0.6229685807150596,0.04333694474539545,0.2296858071505959
Bassetlaw,0.06717363751584285,0.6375158428390367,0.0697084917617237,0.2256020278833967
Bassetlaw,0.04040404040404041,0.6608946608946609,0.10966810966810966,0.18903318903318903
Bassetlaw,0.02663115845539281,0.6364846870838882,0.20239680426098536,0.13448735019973368
Bassetlaw,0.02504472271914132,0.5241502683363148,0.33273703041144903,0.11806797853309481
Bassetlaw,0.020671834625322995,0.3824289405684755,0.5142118863049095,0.08268733850129198
Bassetlaw,0.021220159151193636,0.1777188328912467,0.7586206896551725,0.04244031830238727
Bath and North East Somerset,1.0,0.0,0.0,0.0
Bath and North East Somerset,0.991304347826087,0.008695652173913045,0.0,0.0
Bath and North East Somerset,0.839622641509434,0.14150943396226415,0.0,0.018867924528301886
Bath and North East Somerset,0.5387149917627677,0.40856672158154855,0.0,0.05271828665568369
Bath and North East Somerset,0.3471971066907776,0.5596745027124774,0.0027124773960217,0.09041591320072333
Bath and North East Somerset,0.2681818181818182,0.600909090909091,0.006363636363636364,0.12454545454545456
Bath and North East Somerset,0.22462562396006652,0.6014975041597337,0.00915141430948419,0.16472545757071547
Bath and North East Somerset,0.18854961832061068,0.5946564885496184,0.0183206106870229,0.1984732824427481
Bath and North East Somerset,0.14549653579676675,0.6158583525789069,0.03233256351039261,0.20631254811393382
Bath and North East Somerset,0.0942883046237534,0.6391659111514053,0.05983680870353581,0.20670897552130552
Bath and North East Somerset,0.076845298281092,0.6339737108190091,0.09302325581395347,0.1961577350859454
Bath and North East Somerset,0.04873294346978557,0.6159844054580897,0.16569200779727095,0.16959064327485382
Bath and North East Somerset,0.0414572864321608,0.5364321608040201,0.2851758793969849,0.13693467336683415
Bath and North East Somerset,0.046511627906976744,0.3953488372093023,0.4518272425249169,0.10631229235880399
Bath and North East Somerset,0.049418604651162795,0.18895348837209303,0.6962209302325582,0.06540697674418605
Bedford,1.0,0.0,0.0,0.0
Bedford,0.9568273092369478,0.03915662650602409,0.0,0.004016064257028112
Bedford,0.7669111654441728,0.21189894050529748,0.0,0.02118989405052975
Bedford,0.4854506742370475,0.4499645138396025,0.0014194464158977997,0.0631653655074521
Bedford,0.3304284676833696,0.5548293391430646,0.005083514887436456,0.10965867828612925
Bedford,0.2547528517110266,0.5764258555133079,0.007604562737642585,0.1612167300380228
Bedford,0.20535714285714285,0.5827922077922078,0.01461038961038961,0.19724025974025974
Bedford,0.17246713070378963,0.5692188708430007,0.025522041763341063,0.2327919566898685
Bedford,0.1445978878960195,0.579203899268887,0.04224207961007311,0.2339561332250203
Bedford,0.0946215139442231,0.6025896414342629,0.08067729083665338,0.22211155378486055
Bedford,0.06192660550458716,0.6055045871559633,0.12958715596330275,0.20298165137614682
Bedford,0.04252873563218391,0.5804597701149425,0.20804597701149427,0.16896551724137931
Bedford,0.03343949044585988,0.5079617834394905,0.3200636942675159,0.13853503184713375
Bedford,0.03225806451612903,0.3870967741935484,0.4795698924731182,0.10107526881720429
Bedford,0.03551401869158879,0.18878504672897198,0.719626168224299,0.056074766355140186
Bexley,1.0,0.0,0.0,0.0
Bexley,0.9726533628972653,0.025868440502586847,0.0,0.0014781966001478197
Bexley,0.8202824133504493,0.16174582798459564,0.0,0.01797175866495507
Bexley,0.5313010342950464,0.4169842133913991,0.0016330974414806752,0.050081654872074034
Bexley,0.34657605854678514,0.5593308938839519,0.0026136957658128594,0.09147935180345006
Bexley,0.28419282511210764,0.5762331838565022,0.004484304932735426,0.1350896860986547
Bexley,0.2515078407720145,0.5627261761158021,0.010856453558504222,0.17490952955367914
Bexley,0.20507042253521124,0.563943661971831,0.02084507042253521,0.21014084507042252
Bexley,0.1466821885913853,0.5878928987194412,0.039580908032596035,0.2258440046565774
Bexley,0.10583153347732183,0.5946724262059035,0.07271418286537078,0.2267818574514039
Bexley,0.06836827711941659,0.6034639927073838,0.12944393801276208,0.19872379216043753
Bexley,0.05146406388642413,0.5678793256433008,0.19964507542147292,0.18101153504880213
Bexley,0.03758542141230068,0.4783599088838269,0.35193621867881547,0.13211845102505693
Bexley,0.044349070100143065,0.34334763948497854,0.5150214592274678,0.09728183118741059
Bexley,0.04611330698287219,0.15810276679841898,0.7391304347826086,0.05665349143610013
Birmingham,0.9948979591836734,0.00481859410430839,0.0,0.0002834467120181406
Birmingham,0.9317302665969681,0.062415054887611086,0.0004181913225300575,0.005436487192890748
Birmingham,0.7286931818181818,0.2441998106060606,0.0007102272727272727,0.0263967803030303
Birmingham,0.49487900956668546,0.4328643781654474,0.0019133370849746768,0.07034327518289252
Birmingham,0.3488867835149218,0.5364756039791567,0.004855518711511131,0.10978209379441022
Birmingham,0.2760519071962249,0.5699305282474767,0.009175514484205007,0.14484205007209333
Birmingham,0.2586435191996469,0.551419744004708,0.016477857878475798,0.17345887891716932
Birmingham,0.2537998279323201,0.5159162603957557,0.0292515055921996,0.2010324060797247
Birmingham,0.23134796238244515,0.49780564263322885,0.05219435736677116,0.21865203761755486
Birmingham,0.1710701387568903,0.5210036114807071,0.09199771906481657,0.215928530697586
Birmingham,0.11331640895453496,0.5271174705746596,0.1615508885298869,0.1980152319409185
Birmingham,0.07934508816120907,0.49823677581863984,0.24861460957178844,0.17380352644836272
Birmingham,0.06561160567095285,0.4233432245301682,0.3643257500824267,0.14671941971645236
Birmingham,0.0562734472696957,0.30429345560650267,0.5248020008336807,0.11463109629012087
Birmingham,0.057412790697674417,0.14425872093023256,0.7314680232558138,0.06686046511627906
Blaby,1.0,0.0,0.0,0.0
Blaby,0.9766454352441614,0.02335456475583864,0.0,0.0
Blaby,0.8073836276083468,0.1765650080256822,0.0,0.01605136436597111
Blaby,0.511173184357542,0.4301675977653631,0.0,0.05865921787709497
Blaby,0.3243243243243243,0.5761024182076814,0.002844950213371266,0.09672830725462304
Blaby,0.24807395993836673,0.5993836671802774,0.007704160246533129,0.14483821263482283
Blaby,0.21323529411764708,0.6102941176470589,0.008823529411764707,0.16764705882352943
Blaby,0.1610738255033557,0.6107382550335569,0.01879194630872483,0.2093959731543624
Blaby,0.11307901907356946,0.6267029972752043,0.03405994550408719,0.22615803814713892
Blaby,0.06896551724137931,0.6692789968652038,0.05956112852664577,0.20219435736677113
Blaby,0.04710144927536231,0.6721014492753623,0.11050724637681159,0.17028985507246375
Blaby,0.026359143327841845,0.6490939044481054,0.18451400329489293,0.14003294892915982
Blaby,0.02439024390243903,0.5432372505543237,0.31042128603104213,0.12195121951219513
Blaby,0.02083333333333333,0.3839285714285714,0.5089285714285714,0.0863095238095238
Blaby,0.02702702702702703,0.18618618618618618,0.7327327327327328,0.05405405405405406
Blackburn with Darwen,0.9939320388349515,0.006067961165048544,0.0,0.0
Blackburn with Darwen,0.9035369774919615,0.09003215434083602,0.0,0.006430868167202573
Blackburn with Darwen,0.6890424481737414,0.2813425468904245,0.0,0.029615004935834157
Blackburn with Darwen,0.44945848375451264,0.4792418772563177,0.0027075812274368234,0.06859205776173286
Blackburn with Darwen,0.2966252220248668,0.588809946714032,0.0035523978685612786,0.11101243339253995
Blackburn with Darwen,0.22822822822822822,0.6186186186186187,0.012012012012012012,0.14114114114114112
Blackburn with Darwen,0.21673387096774194,0.5796370967741935,0.017137096774193547,0.18649193548387097
Blackburn with Darwen,0.2001953125,0.548828125,0.029296875,0.2216796875
Blackburn with Darwen,0.13519313304721028,0.5740343347639485,0.05793991416309013,0.2328326180257511
Blackburn with Darwen,0.09205548549810845,0.5901639344262295,0.0996216897856242,0.21815889029003785
Blackburn with Darwen,0.05530642750373692,0.5844544095665172,0.16143497757847533,0.19880418535127053
Blackburn with Darwen,0.04113924050632911,0.5522151898734178,0.2310126582278481,0.17563291139240508
Blackburn with Darwen,0.03456221198156682,0.456221198156682,0.3755760368663595,0.1336405529953917
Blackburn with Darwen,0.0379746835443038,0.3259493670886076,0.5316455696202531,0.10443037974683543
Blackburn with Darwen,0.046012269938650305,0.15337423312883436,0.7515337423312883,0.049079754601226995
Blackpool,1.0,0.0,0.0,0.0
Blackpool,0.9746328437917222,0.02269692923898531,0.0,0.0026702269692923893
Blackpool,0.8557158712541619,0.12319644839067702,0.0,0.02108768035516093
Blackpool,0.6426395939086293,0.2791878172588832,0.002030456852791878,0.07614213197969542
Blackpool,0.47761194029850745,0.38346727898966704,0.003444316877152698,0.1354764638346728
Blackpool,0.39405684754521964,0.39793281653746765,0.00904392764857881,0.19896640826873382
Blackpool,0.3055555555555555,0.44212962962962965,0.017361111111111112,0.2349537037037037
Blackpool,0.24015369836695483,0.45341018251681076,0.0297790585975024,0.27665706051873196
Blackpool,0.1731123388581952,0.4907918968692449,0.04696132596685083,0.289134438305709
Blackpool,0.10893246187363832,0.5098039215686274,0.0915032679738562,0.289760348583878
Blackpool,0.08519003931847968,0.5190039318479686,0.13237221494102228,0.26343381389252946
Blackpool,0.05368289637952559,0.4881398252184769,0.23345817727840198,0.2247191011235955
Blackpool,0.051529790660225436,0.42834138486312395,0.35104669887278583,0.16908212560386474
Blackpool,0.0449678800856531,0.31263383297644537,0.4946466809421841,0.14775160599571732
Blackpool,0.04468085106382979,0.15319148936170213,0.7255319148936169,0.07659574468085106
Blaenau Gwent,1.0,0.0,0.0,0.0
Blaenau Gwent,0.9798850574712643,0.020114942528735632,0.0,0.0
Blaenau Gwent,0.8524945770065075,0.12581344902386116,0.0,0.021691973969631233
Blaenau Gwent,0.6327800829875518,0.2946058091286307,0.0,0.07261410788381742
Blaenau Gwent,0.49257425742574257,0.3935643564356436,0.0049504950495049506,0.10891089108910891
Blaenau Gwent,0.3720316622691293,0.46965699208443273,0.0079155672823219,0.1503957783641161
Blaenau Gwent,0.308252427184466,0.49029126213592233,0.01699029126213592,0.18446601941747573
Blaenau Gwent,0.1954459203036053,0.5351043643263756,0.02846299810246679,0.24098671726755216
Blaenau Gwent,0.11900191938579653,0.5700575815738964,0.042226487523992315,0.26871401151631474
Blaenau Gwent,0.08089887640449438,0.5865168539325842,0.08539325842696628,0.24719101123595505
Blaenau Gwent,0.05737704918032787,0.6092896174863388,0.14480874316939893,0.1885245901639344
Blaenau Gwent,0.03324808184143223,0.5728900255754475,0.23273657289002556,0.16112531969309463
Blaenau Gwent,0.024221453287197235,0.47404844290657444,0.40138408304498274,0.10034602076124569
Blaenau Gwent,0.03,0.32499999999999996,0.5599999999999999,0.08499999999999999
Blaenau Gwent,0.03910614525139665,0.1229050279329609,0.7877094972067039,0.05027932960893855
Bolsover,1.0,0.0,0.0,0.0
Bolsover,0.9759036144578314,0.024096385542168672,0.0,0.0
Bolsover,0.8055555555555556,0.1685185185185185,0.0,0.025925925925925925
Bolsover,0.5457875457875457,0.38095238095238093,0.0,0.07326007326007326
Bolsover,0.3867735470941883,0.4829659318637274,0.0060120240480961915,0.12424849699398796
Bolsover,0.2808219178082192,0.5319634703196348,0.0091324200913242,0.1780821917808219
Bolsover,0.23352165725047083,0.544256120527307,0.015065913370998118,0.2071563088512241
Bolsover,0.15912636505460218,0.5834633385335414,0.024960998439937595,0.23244929797191885
Bolsover,0.10947712418300652,0.6160130718954249,0.04084967320261438,0.23366013071895422
Bolsover,0.0741444866920152,0.6216730038022814,0.07224334600760456,0.23193916349809884
Bolsover,0.05381165919282511,0.6255605381165918,0.13452914798206278,0.18609865470852016
Bolsover,0.030634573304157548,0.5929978118161926,0.2188183807439825,0.1575492341356674
Bolsover,0.030726256983240226,0.5335195530726257,0.33240223463687146,0.10335195530726257
Bolsover,0.030701754385964914,0.3552631578947369,0.5394736842105263,0.07456140350877194
Bolsover,0.021551724137931032,0.14655172413793102,0.7887931034482758,0.043103448275862065
Bolton,0.9926524614254225,0.007347538574577517,0.0,0.0
Bolton,0.9180529882932841,0.07825015403573629,0.0,0.0036968576709796677
Bolton,0.7338362068965517,0.2435344827586207,0.0,0.022629310344827583
Bolton,0.5137018114259173,0.4273107292150487,0.0013934045517882024,0.0575940548072457
Bolton,0.3457807953443259,0.5514064015518914,0.004364694471387003,0.09844810863239573
Bolton,0.2675675675675676,0.5848648648648649,0.008648648648648649,0.13891891891891894
Bolton,0.24197002141327623,0.5690578158458245,0.016595289079229122,0.17237687366167023
Bolton,0.18862275449101798,0.561377245508982,0.027445109780439122,0.22255489021956087
Bolton,0.14123711340206185,0.5778350515463918,0.05103092783505155,0.22989690721649483
Bolton,0.09230769230769231,0.587076923076923,0.08615384615384616,0.23446153846153847
Bolton,0.05559515324305061,0.5930149679258732,0.1489665003563792,0.20242337847469707
Bolton,0.03564223268325487,0.5689307330195024,0.22394082044384664,0.17148621385339607
Bolton,0.029795158286778395,0.4906890130353817,0.351024208566108,0.12849162011173185
Bolton,0.031496062992125984,0.3477690288713911,0.5223097112860892,0.0984251968503937
Bolton,0.04200542005420054,0.14905149051490513,0.7506775067750677,0.05826558265582655
Boston,0.9929078014184397,0.007092198581560284,0.0,0.0
Boston,0.9512893982808023,0.04871060171919771,0.0,0.0
Boston,0.758139534883721,0.21162790697674422,0.0,0.030232558139534887
Boston,0.5175257731958763,0.377319587628866,0.0,0.10515463917525775
Boston,0.36864406779661013,0.45974576271186435,0.00847457627118644,0.16313559322033896
Boston,0.28139534883720924,0.5046511627906977,0.011627906976744184,0.2023255813953488
Boston,0.21702127659574472,0.5170212765957447,0.019148936170212766,0.24680851063829792
Boston,0.15520628683693516,0.5343811394891945,0.03732809430255402,0.27308447937131625
Boston,0.11177644710578842,0.5968063872255489,0.057884231536926144,0.2335329341317365
Boston,0.07534246575342465,0.6073059360730593,0.0867579908675799,0.23059360730593606
Boston,0.05626598465473146,0.6419437340153453,0.12276214833759592,0.1790281329923274
Boston,0.04050632911392405,0.6,0.2050632911392405,0.15443037974683546
Boston,0.03691275167785235,0.4899328859060402,0.34563758389261745,0.12751677852348994
Boston,0.031818181818181815,0.3909090909090909,0.49090909090909085,0.08636363636363636
Boston,0.03846153846153846,0.188034188034188,0.7222222222222222,0.05128205128205128
Bracknell Forest,1.0,0.0,0.0,0.0
Bracknell Forest,0.9671052631578948,0.03289473684210527,0.0,0.0
Bracknell Forest,0.7877697841726619,0.1906474820143885,0.0,0.021582733812949638
Bracknell Forest,0.4853862212943633,0.4561586638830898,0.0,0.05845511482254698
Bracknell Forest,0.3174767321613237,0.5853154084798345,0.002068252326783868,0.09513960703205793
Bracknell Forest,0.23312236286919832,0.6118143459915611,0.00949367088607595,0.14556962025316458
Bracknell Forest,0.20654627539503387,0.6015801354401806,0.01015801354401806,0.1817155756207675
Bracknell Forest,0.16213275299238303,0.5930359085963004,0.020674646354733407,0.22415669205658326
Bracknell Forest,0.11229314420803782,0.6264775413711583,0.031914893617021274,0.2293144208037825
Bracknell Forest,0.07386363636363637,0.6207386363636364,0.06534090909090909,0.24005681818181818
Bracknell Forest,0.05017921146953405,0.6236559139784946,0.10931899641577061,0.21684587813620074
Bracknell Forest,0.03598484848484848,0.5814393939393938,0.19507575757575757,0.1875
Bracknell Forest,0.025510204081632654,0.5102040816326531,0.31887755102040816,0.14540816326530612
Bracknell Forest,0.025925925925925925,0.38888888888888895,0.4666666666666667,0.11851851851851852
Bracknell Forest,0.02413793103448276,0.1896551724137931,0.7137931034482758,0.07241379310344827
Bradford,0.9938080495356038,0.006191950464396284,0.0,0.0
Bradford,0.897252090800478,0.09647550776583036,0.0,0.0062724014336917565
Bradford,0.6821117663577646,0.2861555742768885,0.0005616399887672002,0.031171019376579606
Bradford,0.44802778466881665,0.4708509054825105,0.0032250062019350038,0.07789630364673777
Bradford,0.3072877535687453,0.5720010017530678,0.005008765339343852,0.11570247933884298
Bradford,0.24614961496149618,0.5907590759075908,0.009900990099009903,0.1531903190319032
Bradford,0.2133804892425582,0.5794282346006484,0.015915119363395226,0.19127615679339818
Bradford,0.18688046647230316,0.5723032069970845,0.027696793002915446,0.21311953352769678
Bradford,0.14789812826020252,0.5685793188094508,0.05001534212948758,0.23350721080085918
Bradford,0.09746053534660262,0.5991763898421415,0.08613589567604667,0.21722717913520934
Bradford,0.07048639736191262,0.5762572135201979,0.15210222588623246,0.20115416323165702
Bradford,0.04453961456102784,0.5413276231263383,0.2372591006423983,0.17687366167023555
Bradford,0.04698412698412699,0.46412698412698417,0.3523809523809524,0.13650793650793652
Bradford,0.0422866092404072,0.3328112764291308,0.5184025058731402,0.10649960845732184
Bradford,0.038571428571428576,0.1542857142857143,0.742857142857143,0.0642857142857143
Braintree,1.0,0.0,0.0,0.0
Braintree,0.9806896551724137,0.019310344827586205,0.0,0.0
Braintree,0.812433011789925,0.16613076098606647,0.0,0.021436227224008574
Braintree,0.5146198830409356,0.42397660818713445,0.0,0.061403508771929814
Braintree,0.3393756294058409,0.5468277945619335,0.0030211480362537764,0.1107754279959718
Braintree,0.25590955806783144,0.5827338129496402,0.006166495375128468,0.15519013360739978
Braintree,0.2061855670103093,0.5970009372071228,0.012183692596063729,0.1846298031865042
Braintree,0.14297589359933502,0.5976724854530341,0.019118869492934332,0.2402327514546966
Braintree,0.10105448154657294,0.6212653778558875,0.036028119507908615,0.24165202108963094
Braintree,0.07015706806282722,0.6513089005235602,0.06178010471204188,0.21675392670157065
Braintree,0.04656577415599534,0.6461001164144353,0.11059371362048895,0.19674039580908032
Braintree,0.03252885624344176,0.608604407135362,0.18258132214060863,0.17628541448058765
Braintree,0.0196078431372549,0.5339366515837104,0.3092006033182504,0.1372549019607843
Braintree,0.03104212860310421,0.3991130820399113,0.4789356984478935,0.09090909090909091
Braintree,0.034482758620689655,0.1744421906693712,0.7342799188640973,0.056795131845841784
Breckland,1.0,0.0,0.0,0.0
Breckland,0.9559748427672955,0.037735849056603765,0.0,0.006289308176100628
Breckland,0.7418136020151133,0.22418136020151133,0.0,0.03400503778337531
Breckland,0.4880095923261391,0.42206235011990406,0.0,0.08992805755395683
Breckland,0.337992376111817,0.5184243964421854,0.006353240152477763,0.13722998729351968
Breckland,0.2603626943005181,0.5569948186528497,0.006476683937823835,0.1761658031088083
Breckland,0.2027491408934708,0.5738831615120275,0.013745704467353952,0.20962199312714777
Breckland,0.13346418056918546,0.6025515210991168,0.021589793915603533,0.2423945044160942
Breckland,0.09635173058933581,0.6333021515434986,0.03648269410664172,0.23386342376052383
Breckland,0.07150368033648791,0.6519453207150369,0.06309148264984228,0.21345951629863302
Breckland,0.04535398230088495,0.6648230088495575,0.10066371681415928,0.18915929203539822
Breckland,0.03146509341199607,0.6499508357915438,0.17699115044247787,0.14159292035398227
Breckland,0.03133514986376022,0.5599455040871936,0.2956403269754769,0.11307901907356949
Breckland,0.030360531309297913,0.411764705882353,0.4629981024667932,0.09487666034155598
Breckland,0.03684210526315789,0.19122807017543858,0.7175438596491227,0.0543859649122807
Brent,0.9889162561576355,0.008620689655172414,0.0,0.0024630541871921183
Brent,0.8792407108239095,0.11712439418416802,0.0,0.0036348949919224557
Brent,0.6979166666666666,0.28326612903225806,0.0006720430107526881,0.018145161290322582
Brent,0.4841584158415842,0.463036303630363,0.0023102310231023103,0.0504950495049505
Brent,0.341541755888651,0.5599571734475375,0.004996431120628124,0.09350463954318344
Brent,0.2896979085979861,0.5619674670797831,0.010069713400464758,0.13826491092176607
Brent,0.2515047291487532,0.5606190885640585,0.020206362854686154,0.16766981943250214
Brent,0.2632922160782646,0.5206295193534666,0.0314759676733305,0.18460229689493834
Brent,0.2679769894534995,0.4870565675934803,0.05800575263662512,0.186960690316395
Brent,0.2119628339140534,0.5058072009291521,0.09698025551684089,0.18524970963995355
Brent,0.15881883479648842,0.5067837190742218,0.15802075019952116,0.17637669592976857
Brent,0.13372093023255816,0.46899224806201556,0.24031007751937986,0.1569767441860465
Brent,0.10539845758354756,0.40359897172236503,0.3496143958868894,0.14138817480719795
Brent,0.08452950558213716,0.27910685805422647,0.5263157894736842,0.11004784688995214
Brent,0.10268562401263823,0.15323854660347552,0.6714060031595577,0.07266982622432859
Brentwood,1.0,0.0,0.0,0.0
Brentwood,0.9862258953168045,0.013774104683195593,0.0,0.0
Brentwood,0.8550420168067226,0.13445378151260504,0.0,0.010504201680672268
Brentwood,0.5402298850574713,0.4042145593869732,0.0,0.055555555555555566
Brentwood,0.34644194756554303,0.5674157303370786,0.0,0.08614232209737828
Brentwood,0.23929961089494162,0.6264591439688715,0.0038910505836575867,0.13035019455252916
Brentwood,0.2058252427184466,0.6155339805825243,0.007766990291262136,0.170873786407767
Brentwood,0.16637478108581435,0.6112084063047286,0.01576182136602452,0.2066549912434326
Brentwood,0.12089810017271158,0.6217616580310881,0.036269430051813475,0.22107081174438686
Brentwood,0.09170305676855894,0.6441048034934498,0.07205240174672489,0.19213973799126638
Brentwood,0.059431524547803614,0.6511627906976745,0.09302325581395349,0.19638242894056848
Brentwood,0.0477326968973747,0.620525059665871,0.16706443914081145,0.16467780429594273
Brentwood,0.030959752321981428,0.5139318885448917,0.30340557275541796,0.15170278637770898
Brentwood,0.034351145038167934,0.4007633587786259,0.4694656488549618,0.09541984732824427
Brentwood,0.030581039755351685,0.1865443425076453,0.72782874617737,0.05504587155963303
Bridgend,1.0,0.0,0.0,0.0
Bridgend,0.9813486370157819,0.015781922525107604,0.0,0.002869440459110473
Bridgend,0.8394495412844037,0.13876146788990826,0.0,0.021788990825688075
Bridgend,0.5672981056829511,0.361914257228315,0.0019940179461615153,0.06879361914257227
Bridgend,0.3919821826280624,0.48775055679287305,0.0033407572383073497,0.11692650334075723
Bridgend,0.29308323563892147,0.5310668229777257,0.007033997655334114,0.16881594372801875
Bridgend,0.22502628811777078,0.5404837013669822,0.014721345951629864,0.21976866456361727
Bridgend,0.16251154201292706,0.577100646352724,0.02677746999076639,0.23361034164358266
Bridgend,0.10907424381301559,0.6223648029330888,0.042163153070577455,0.22639780018331807
Bridgend,0.06638115631691649,0.6220556745182013,0.07708779443254818,0.23447537473233404
Bridgend,0.04420549581839904,0.6272401433691757,0.12903225806451613,0.19952210274790919
Bridgend,0.030480656506447826,0.608440797186401,0.20750293083235638,0.1535756154747948
Bridgend,0.028037383177570093,0.5093457943925234,0.33644859813084116,0.12616822429906543
Bridgend,0.02526315789473684,0.3726315789473684,0.5136842105263157,0.08842105263157894
Bridgend,0.029748283752860413,0.1739130434782609,0.7391304347826086,0.05720823798627003
Brighton and Hove,1.0,0.0,0.0,0.0
Brighton and Hove,0.9873333333333333,0.012,0.0,0.0006666666666666666
Brighton and Hove,0.8942897593204341,0.09438414346389806,0.0,0.011326097215667767
Brighton and Hove,0.6748554913294798,0.28034682080924855,0.0009633911368015414,0.04383429672447014
Brighton and Hove,0.5010162601626017,0.4136178861788618,0.003048780487804878,0.0823170731707317
Brighton and Hove,0.39664804469273746,0.4657186389029965,0.006602336211274759,0.13103098019299136
Brighton and Hove,0.3418593212001968,0.47909493359567146,0.009345794392523366,0.1696999508116085
Brighton and Hove,0.3184438040345821,0.4649375600384246,0.02017291066282421,0.19644572526416906
Brighton and Hove,0.2634498058790904,0.47420965058236275,0.03105934553521908,0.2312811980033278
Brighton and Hove,0.1847988077496274,0.5007451564828613,0.061102831594634865,0.25335320417287627
Brighton and Hove,0.1329113924050633,0.48282097649186256,0.10759493670886075,0.2766726943942134
Brighton and Hove,0.0949667616334283,0.4681861348528015,0.1965811965811966,0.2402659069325736
Brighton and Hove,0.06861499364675985,0.39898348157560354,0.30749682337992373,0.22490470139771285
Brighton and Hove,0.06779661016949154,0.30847457627118646,0.4457627118644068,0.17796610169491525
Brighton and Hove,0.07724719101123595,0.13483146067415727,0.6797752808988764,0.10814606741573032
Bristol,0.998809051210798,0.0011909487892020642,0.0,0.0
Bristol,0.9821317265738625,0.016621649698732602,0.0004155412424683151,0.0008310824849366302
Bristol,0.8784667418263812,0.10822998872604285,0.0004509582863585119,0.012852311161217588
Bristol,0.6444243383849808,0.3119203800045238,0.001130965844831486,0.04252431576566387
Bristol,0.45032051282051283,0.45913461538461536,0.002403846153846154,0.08814102564102565
Bristol,0.36398838334946754,0.5075830913197805,0.006131010003226847,0.12229751532752499
Bristol,0.3091178650852483,0.5166790214974054,0.01111934766493699,0.16308376575240918
Bristol,0.26785025086839054,0.5028946352759551,0.01968351987649556,0.20957159397915862
Bristol,0.22350597609561748,0.5079681274900398,0.03784860557768924,0.23067729083665336
Bristol,0.1548480463096961,0.5407621804148577,0.06849975880366618,0.23589001447178004
Bristol,0.11292200232828871,0.5366705471478463,0.11874272409778812,0.23166472642607683
Bristol,0.08080194410692587,0.5188335358444714,0.19258809234507895,0.2077764277035237
Bristol,0.05785123966942148,0.4553719008264463,0.3190082644628099,0.1677685950413223
Bristol,0.056399132321041226,0.33947939262472887,0.47180043383947945,0.13232104121475055
Bristol,0.05498602050326188,0.16216216216216214,0.7045666356011183,0.0782851817334576
Broadland,1.0,0.0,0.0,0.0
